Bot Andrzej;210.0;240.0;A;210.0;270.0;L;3;
Bot Marcin;180.0;240.0;E;180.0;240.0;E;180.0;240.0;E;180.0;240.0;E;180.0;240.0;E;180.0;240.0;E;180.0;240.0;E;180.0;240.0;E;180.0;240.0;E;180.0;240.0;E;150.0;240.0;S;180.0;240.0;E;150.0;240.0;S;180.0;240.0;E;180.0;240.0;E;180.0;240.0;E;180.0;240.0;E;180.0;240.0;E;180.0;240.0;E;180.0;240.0;E;180.0;240.0;E;180.0;240.0;E;180.0;240.0;E;180.0;240.0;E;180.0;240.0;E;180.0;240.0;E;180.0;240.0;E;180.0;240.0;E;150.0;240.0;S;180.0;240.0;E;150.0;240.0;S;4;
Bot Andrzej;150.0;210.0;O;150.0;180.0;I;3;
Bot Marcin;120.0;180.0;A;90.0;180.0;C;60.0;180.0;A;7;
Bot Andrzej;60.0;210.0;G;60.0;240.0;E;6;
Bot Marcin;30.0;210.0;A;30.0;210.0;A;30.0;210.0;A;30.0;210.0;A;30.0;210.0;A;30.0;210.0;A;30.0;210.0;A;30.0;210.0;A;0.0;210.0;B;30.0;210.0;A;0.0;210.0;B;18;
Bot Andrzej;0.0;240.0;E;0.0;270.0;E;15;
Bot Marcin;30.0;270.0;;30.0;270.0;;30.0;270.0;;30.0;270.0;;30.0;270.0;;30.0;270.0;;30.0;270.0;;30.0;270.0;;30.0;270.0;;30.0;270.0;;30.0;270.0;;30.0;270.0;;30.0;270.0;;30.0;270.0;;30.0;270.0;;30.0;270.0;;30.0;270.0;;30.0;270.0;;30.0;270.0;;30.0;270.0;;30.0;270.0;;30.0;270.0;;30.0;270.0;;30.0;270.0;;30.0;270.0;;90.0;240.0;E;90.0;240.0;E;90.0;240.0;E;90.0;240.0;E;120.0;240.0;L;90.0;240.0;E;120.0;240.0;L;90.0;240.0;E;120.0;240.0;L;0;
Bot Andrzej;30.0;270.0;;30.0;270.0;;90.0;150.0;;90.0;150.0;;90.0;150.0;;90.0;150.0;;90.0;270.0;;90.0;270.0;;120.0;150.0;C;120.0;120.0;O;120.0;150.0;C;120.0;120.0;O;0;
Bot Marcin;30.0;270.0;;30.0;270.0;;30.0;270.0;;30.0;270.0;;90.0;270.0;;90.0;270.0;;90.0;270.0;;90.0;270.0;;90.0;120.0;I;60.0;120.0;G;30.0;120.0;A;10;
Bot Andrzej;30.0;150.0;;60.0;90.0;;60.0;90.0;;60.0;90.0;;60.0;90.0;;60.0;90.0;;60.0;150.0;;60.0;150.0;;60.0;150.0;;60.0;150.0;;60.0;150.0;;60.0;150.0;;60.0;150.0;;60.0;90.0;;120.0;270.0;E;120.0;270.0;E;120.0;270.0;E;120.0;300.0;E;120.0;270.0;E;120.0;300.0;E;120.0;270.0;E;120.0;270.0;E;120.0;300.0;E;120.0;270.0;E;120.0;300.0;E;120.0;270.0;E;120.0;300.0;E;0;
Bot Marcin;30.0;150.0;;60.0;90.0;;60.0;90.0;;60.0;90.0;;60.0;90.0;;60.0;90.0;;60.0;150.0;;60.0;150.0;;60.0;150.0;;60.0;150.0;;60.0;150.0;;60.0;150.0;;60.0;150.0;;60.0;150.0;;60.0;90.0;;240.0;270.0;E;240.0;270.0;E;240.0;270.0;E;270.0;270.0;E;240.0;270.0;E;270.0;270.0;E;240.0;270.0;E;240.0;270.0;E;270.0;270.0;E;240.0;270.0;E;270.0;270.0;E;240.0;270.0;E;270.0;270.0;E;0;
Bot Andrzej;30.0;150.0;;60.0;90.0;;60.0;90.0;;60.0;90.0;;60.0;90.0;;60.0;90.0;;60.0;150.0;;60.0;150.0;;60.0;150.0;;60.0;150.0;;60.0;150.0;;60.0;150.0;;60.0;150.0;;60.0;90.0;;270.0;180.0;I;270.0;150.0;A;0;
Bot Marcin;30.0;270.0;;30.0;270.0;;30.0;270.0;;30.0;270.0;;30.0;270.0;;30.0;270.0;;30.0;150.0;;30.0;150.0;;30.0;150.0;;30.0;150.0;;30.0;150.0;;30.0;90.0;E;30.0;90.0;E;30.0;90.0;E;30.0;90.0;E;30.0;60.0;S;10;
Bot Andrzej;30.0;270.0;;30.0;270.0;;30.0;270.0;;0.0;60.0;;0.0;60.0;;0.0;60.0;;0.0;60.0;;0.0;60.0;;0.0;60.0;;0.0;60.0;;0.0;60.0;;0.0;60.0;;0.0;60.0;;0.0;60.0;;0.0;60.0;;0.0;60.0;;0.0;60.0;;0.0;60.0;;0.0;60.0;;0.0;60.0;;0.0;60.0;;0.0;60.0;;0.0;60.0;;60.0;60.0;E;90.0;60.0;E;0;
Bot Marcin;0.0;90.0;;0.0;90.0;;60.0;30.0;B;60.0;0.0;O;0;
Bot Andrzej;30.0;270.0;;30.0;270.0;;30.0;270.0;;30.0;270.0;;30.0;270.0;;30.0;270.0;;30.0;270.0;;30.0;270.0;;30.0;270.0;;30.0;270.0;;30.0;270.0;;30.0;270.0;;30.0;270.0;;30.0;270.0;;30.0;270.0;;30.0;270.0;;30.0;270.0;;30.0;270.0;;30.0;270.0;;30.0;270.0;;30.0;270.0;;30.0;270.0;;30.0;270.0;;0.0;90.0;;0.0;90.0;;0.0;90.0;;0.0;90.0;;0.0;90.0;;0.0;90.0;;0.0;90.0;;0.0;90.0;;0.0;90.0;;0.0;90.0;;0.0;90.0;;0.0;90.0;;0.0;90.0;;0.0;90.0;;0.0;90.0;;0.0;90.0;;0.0;90.0;;0.0;90.0;;0.0;90.0;;0.0;90.0;;0.0;90.0;;0.0;90.0;;0.0;90.0;;0.0;90.0;;0.0;90.0;;30.0;0.0;S;30.0;0.0;S;0.0;0.0;I;9;
Bot Marcin;30.0;270.0;;30.0;270.0;;0.0;90.0;;0.0;90.0;;0.0;90.0;;0.0;90.0;;0.0;90.0;;60.0;150.0;;60.0;150.0;;60.0;150.0;;60.0;150.0;;60.0;150.0;;60.0;150.0;;60.0;150.0;;60.0;150.0;;60.0;150.0;;60.0;150.0;;60.0;150.0;;90.0;90.0;;90.0;90.0;;90.0;90.0;;90.0;90.0;;90.0;90.0;;90.0;90.0;;90.0;300.0;G;60.0;300.0;A;0;
Bot Andrzej;30.0;270.0;;30.0;270.0;;30.0;270.0;;0.0;90.0;;0.0;90.0;;0.0;90.0;;0.0;90.0;;60.0;150.0;;60.0;150.0;;60.0;150.0;;60.0;150.0;;60.0;150.0;;60.0;150.0;;60.0;150.0;;60.0;150.0;;60.0;150.0;;60.0;150.0;;60.0;150.0;;60.0;150.0;;60.0;150.0;;60.0;150.0;;60.0;150.0;;60.0;150.0;;60.0;150.0;;60.0;330.0;I;60.0;360.0;L;0;
Bot Marcin;60.0;150.0;;60.0;150.0;;60.0;150.0;;60.0;150.0;;30.0;360.0;I;0.0;360.0;A;0;
Bot Andrzej;30.0;270.0;E;30.0;270.0;E;30.0;270.0;E;30.0;270.0;E;30.0;270.0;E;0.0;390.0;A;0.0;420.0;S;6;
Bot Marcin;30.0;420.0;I;30.0;420.0;I;60.0;420.0;L;90.0;420.0;O;15;
Bot Andrzej;0.0;90.0;;0.0;90.0;;0.0;90.0;;0.0;90.0;;0.0;90.0;;0.0;90.0;;0.0;90.0;;0.0;90.0;;0.0;90.0;;0.0;90.0;;60.0;150.0;;60.0;150.0;;60.0;150.0;;60.0;150.0;;60.0;150.0;;60.0;150.0;;60.0;150.0;;60.0;150.0;;60.0;150.0;;60.0;150.0;;60.0;150.0;;60.0;150.0;;60.0;150.0;;60.0;150.0;;60.0;150.0;;60.0;150.0;;60.0;150.0;;60.0;150.0;;60.0;150.0;;60.0;150.0;;60.0;150.0;;60.0;150.0;;60.0;150.0;;60.0;150.0;;60.0;150.0;;60.0;150.0;;60.0;150.0;;60.0;150.0;;60.0;150.0;;60.0;150.0;;60.0;150.0;;60.0;150.0;;60.0;150.0;;60.0;150.0;;60.0;150.0;;90.0;90.0;;90.0;90.0;;90.0;90.0;;90.0;90.0;;90.0;90.0;;90.0;90.0;;90.0;90.0;;90.0;90.0;;90.0;90.0;;90.0;90.0;;90.0;90.0;;90.0;90.0;;90.0;90.0;;240.0;300.0;A;240.0;300.0;A;240.0;330.0;L;240.0;360.0;E;4;
Bot Marcin;0.0;90.0;;0.0;90.0;;0.0;90.0;;0.0;90.0;;0.0;90.0;;0.0;90.0;;0.0;90.0;;0.0;90.0;;0.0;90.0;;0.0;90.0;;60.0;150.0;;60.0;150.0;;60.0;150.0;;60.0;150.0;;60.0;150.0;;60.0;150.0;;60.0;150.0;;60.0;150.0;;60.0;150.0;;60.0;150.0;;60.0;150.0;;60.0;150.0;;60.0;150.0;;60.0;150.0;;60.0;150.0;;90.0;90.0;;90.0;90.0;;90.0;90.0;;90.0;90.0;;90.0;90.0;;90.0;90.0;;90.0;90.0;;90.0;90.0;;90.0;90.0;;210.0;330.0;I;180.0;330.0;A;0;
Bot Andrzej;0.0;90.0;;0.0;90.0;;0.0;90.0;;0.0;90.0;;0.0;90.0;;0.0;90.0;;0.0;90.0;;0.0;90.0;;0.0;90.0;;0.0;90.0;;60.0;150.0;;60.0;150.0;;60.0;150.0;;60.0;150.0;;60.0;150.0;;60.0;150.0;;60.0;150.0;;60.0;150.0;;60.0;150.0;;60.0;150.0;;60.0;150.0;;60.0;150.0;;60.0;150.0;;60.0;150.0;;60.0;150.0;;60.0;150.0;;60.0;150.0;;60.0;150.0;;60.0;150.0;;60.0;150.0;;60.0;150.0;;60.0;150.0;;60.0;150.0;;60.0;150.0;;60.0;150.0;;60.0;150.0;;60.0;150.0;;60.0;150.0;;60.0;150.0;;60.0;150.0;;60.0;150.0;;60.0;150.0;;60.0;150.0;;60.0;150.0;;90.0;90.0;;90.0;90.0;;90.0;90.0;;90.0;90.0;;90.0;90.0;;90.0;90.0;;90.0;90.0;;90.0;90.0;;90.0;90.0;;90.0;90.0;;90.0;90.0;;90.0;90.0;;90.0;90.0;;180.0;360.0;A;180.0;390.0;L;0;
Bot Marcin;0.0;90.0;;0.0;90.0;;0.0;90.0;;0.0;90.0;;0.0;90.0;;0.0;90.0;;0.0;90.0;;0.0;90.0;;0.0;90.0;;0.0;90.0;;60.0;150.0;;60.0;150.0;;60.0;150.0;;60.0;150.0;;60.0;150.0;;60.0;150.0;;60.0;150.0;;60.0;150.0;;60.0;150.0;;60.0;150.0;;60.0;150.0;;60.0;150.0;;60.0;150.0;;60.0;150.0;;60.0;150.0;;90.0;90.0;;90.0;90.0;;90.0;90.0;;90.0;90.0;;90.0;90.0;;90.0;90.0;;90.0;90.0;;90.0;90.0;;90.0;90.0;;150.0;360.0;I;120.0;360.0;L;90.0;360.0;I;16;
Bot Andrzej;0.0;90.0;;0.0;90.0;;0.0;90.0;;0.0;90.0;;0.0;90.0;;0.0;90.0;;0.0;90.0;;0.0;90.0;;0.0;90.0;;0.0;90.0;;60.0;150.0;;60.0;150.0;;60.0;150.0;;60.0;150.0;;60.0;150.0;;60.0;150.0;;60.0;150.0;;60.0;150.0;;60.0;150.0;;60.0;150.0;;60.0;150.0;;60.0;150.0;;60.0;150.0;;60.0;150.0;;60.0;150.0;;60.0;150.0;;60.0;150.0;;60.0;150.0;;60.0;150.0;;60.0;150.0;;60.0;150.0;;60.0;150.0;;60.0;150.0;;60.0;150.0;;60.0;150.0;;60.0;150.0;;60.0;150.0;;60.0;150.0;;60.0;150.0;;60.0;150.0;;60.0;150.0;;60.0;150.0;;60.0;150.0;;60.0;150.0;;90.0;90.0;;90.0;90.0;;90.0;90.0;;90.0;90.0;;90.0;90.0;;90.0;90.0;;90.0;90.0;;90.0;90.0;;90.0;90.0;;90.0;90.0;;90.0;90.0;;90.0;90.0;;90.0;90.0;;90.0;390.0;;90.0;390.0;;90.0;390.0;;90.0;390.0;;90.0;390.0;;90.0;390.0;;120.0;330.0;;120.0;330.0;;120.0;330.0;;120.0;330.0;;120.0;330.0;;120.0;330.0;;120.0;330.0;;120.0;330.0;;120.0;330.0;;120.0;330.0;;120.0;330.0;;120.0;330.0;;120.0;330.0;;120.0;330.0;;120.0;330.0;;120.0;390.0;;120.0;390.0;;120.0;390.0;;120.0;390.0;;120.0;390.0;;120.0;390.0;;120.0;330.0;;120.0;330.0;;120.0;330.0;;120.0;330.0;;120.0;330.0;;210.0;390.0;;210.0;390.0;;210.0;390.0;;210.0;390.0;;210.0;390.0;;210.0;390.0;;210.0;390.0;;210.0;390.0;;210.0;390.0;;210.0;390.0;;210.0;390.0;;210.0;390.0;;210.0;390.0;;210.0;390.0;;210.0;390.0;;210.0;390.0;;210.0;390.0;;210.0;390.0;;210.0;390.0;;210.0;390.0;;210.0;390.0;;210.0;390.0;;270.0;360.0;A;270.0;360.0;A;300.0;360.0;L;330.0;360.0;E;16;
Bot Marcin;0.0;90.0;;0.0;90.0;;0.0;90.0;;0.0;90.0;;0.0;90.0;;0.0;90.0;;0.0;90.0;;0.0;90.0;;0.0;90.0;;0.0;90.0;;60.0;150.0;;60.0;150.0;;60.0;150.0;;60.0;150.0;;60.0;150.0;;60.0;150.0;;60.0;150.0;;60.0;150.0;;60.0;150.0;;60.0;150.0;;60.0;150.0;;60.0;150.0;;60.0;150.0;;60.0;150.0;;60.0;150.0;;90.0;90.0;;90.0;90.0;;90.0;90.0;;90.0;90.0;;90.0;90.0;;90.0;90.0;;90.0;90.0;;90.0;90.0;;90.0;90.0;;90.0;390.0;;90.0;390.0;;90.0;390.0;;90.0;390.0;;90.0;390.0;;120.0;330.0;;120.0;330.0;;120.0;330.0;;120.0;330.0;;120.0;330.0;;120.0;330.0;;120.0;390.0;;120.0;390.0;;120.0;330.0;;120.0;330.0;;120.0;330.0;;210.0;390.0;;210.0;390.0;;210.0;390.0;;210.0;390.0;;210.0;390.0;;210.0;390.0;;210.0;390.0;;210.0;390.0;;300.0;150.0;A;330.0;150.0;L;0;
Bot Andrzej;0.0;90.0;;0.0;90.0;;0.0;90.0;;0.0;90.0;;0.0;90.0;;0.0;90.0;;0.0;90.0;;0.0;90.0;;0.0;90.0;;0.0;90.0;;0.0;90.0;;0.0;90.0;;60.0;150.0;;60.0;150.0;;60.0;150.0;;60.0;150.0;;60.0;150.0;;60.0;150.0;;60.0;150.0;;60.0;150.0;;60.0;150.0;;60.0;150.0;;60.0;150.0;;60.0;150.0;;60.0;150.0;;60.0;150.0;;60.0;150.0;;60.0;150.0;;60.0;150.0;;60.0;150.0;;60.0;150.0;;60.0;150.0;;60.0;150.0;;60.0;150.0;;60.0;150.0;;60.0;150.0;;60.0;150.0;;60.0;150.0;;60.0;150.0;;60.0;150.0;;60.0;150.0;;60.0;150.0;;60.0;150.0;;60.0;150.0;;90.0;90.0;;90.0;90.0;;90.0;90.0;;90.0;90.0;;90.0;90.0;;90.0;90.0;;90.0;90.0;;90.0;90.0;;90.0;90.0;;90.0;90.0;;90.0;90.0;;90.0;90.0;;90.0;90.0;;90.0;90.0;;90.0;90.0;;90.0;90.0;;90.0;390.0;;90.0;390.0;;90.0;390.0;;90.0;390.0;;90.0;390.0;;90.0;390.0;;90.0;390.0;;90.0;390.0;;120.0;330.0;;120.0;330.0;;120.0;330.0;;120.0;330.0;;120.0;330.0;;120.0;330.0;;120.0;330.0;;120.0;330.0;;120.0;330.0;;120.0;330.0;;120.0;330.0;;120.0;390.0;;120.0;390.0;;120.0;390.0;;120.0;390.0;;120.0;390.0;;120.0;390.0;;120.0;390.0;;120.0;330.0;;120.0;330.0;;120.0;330.0;;120.0;330.0;;120.0;330.0;;120.0;330.0;;120.0;330.0;;210.0;390.0;;210.0;390.0;;210.0;390.0;;210.0;390.0;;210.0;390.0;;210.0;390.0;;210.0;390.0;;210.0;390.0;;210.0;390.0;;210.0;390.0;;210.0;390.0;;210.0;390.0;;210.0;390.0;;210.0;390.0;;210.0;390.0;;210.0;390.0;;210.0;390.0;;210.0;390.0;;210.0;390.0;;210.0;390.0;;210.0;390.0;;210.0;390.0;;270.0;240.0;;270.0;240.0;;270.0;240.0;;270.0;240.0;;270.0;240.0;;270.0;240.0;;270.0;240.0;;270.0;240.0;;270.0;240.0;;270.0;240.0;;270.0;240.0;;270.0;240.0;;270.0;390.0;A;270.0;420.0;L;16;
Bot Marcin;0.0;90.0;;0.0;90.0;;0.0;90.0;;0.0;90.0;;0.0;90.0;;0.0;90.0;;0.0;90.0;;0.0;90.0;;0.0;90.0;;0.0;90.0;;60.0;150.0;;60.0;150.0;;60.0;150.0;;60.0;150.0;;60.0;150.0;;60.0;150.0;;60.0;150.0;;60.0;150.0;;60.0;150.0;;60.0;150.0;;60.0;150.0;;60.0;150.0;;60.0;150.0;;60.0;150.0;;60.0;150.0;;90.0;90.0;;90.0;90.0;;90.0;90.0;;90.0;90.0;;90.0;90.0;;90.0;90.0;;90.0;90.0;;90.0;90.0;;90.0;90.0;;90.0;390.0;;90.0;390.0;;90.0;390.0;;90.0;390.0;;90.0;390.0;;120.0;330.0;;120.0;330.0;;120.0;330.0;;120.0;330.0;;120.0;330.0;;120.0;330.0;;120.0;390.0;;120.0;390.0;;120.0;330.0;;120.0;330.0;;120.0;330.0;;210.0;390.0;;210.0;390.0;;210.0;390.0;;210.0;390.0;;210.0;390.0;;210.0;390.0;;210.0;390.0;;210.0;390.0;;270.0;240.0;;270.0;240.0;;270.0;240.0;;270.0;240.0;;270.0;240.0;;270.0;240.0;;270.0;240.0;;270.0;240.0;;270.0;240.0;;270.0;240.0;;240.0;420.0;I;210.0;420.0;A;15;
Bot Andrzej;0.0;90.0;;0.0;90.0;;0.0;90.0;;0.0;90.0;;0.0;90.0;;0.0;90.0;;0.0;90.0;;0.0;90.0;;0.0;90.0;;0.0;90.0;;0.0;90.0;;0.0;90.0;;60.0;150.0;;60.0;150.0;;60.0;150.0;;60.0;150.0;;60.0;150.0;;60.0;150.0;;60.0;150.0;;60.0;150.0;;60.0;150.0;;60.0;150.0;;60.0;150.0;;60.0;150.0;;60.0;150.0;;60.0;150.0;;60.0;150.0;;60.0;150.0;;60.0;150.0;;60.0;150.0;;60.0;150.0;;60.0;150.0;;60.0;150.0;;60.0;150.0;;60.0;150.0;;60.0;150.0;;60.0;150.0;;60.0;150.0;;60.0;150.0;;60.0;150.0;;60.0;150.0;;60.0;150.0;;60.0;150.0;;60.0;150.0;;90.0;90.0;;90.0;90.0;;90.0;90.0;;90.0;90.0;;90.0;90.0;;90.0;90.0;;90.0;90.0;;90.0;90.0;;90.0;90.0;;90.0;90.0;;90.0;90.0;;90.0;90.0;;90.0;90.0;;90.0;90.0;;90.0;90.0;;90.0;90.0;;90.0;390.0;;90.0;390.0;;90.0;390.0;;90.0;390.0;;90.0;390.0;;90.0;390.0;;90.0;390.0;;90.0;390.0;;120.0;330.0;;120.0;330.0;;120.0;330.0;;120.0;330.0;;120.0;330.0;;120.0;330.0;;120.0;330.0;;120.0;330.0;;120.0;330.0;;120.0;330.0;;120.0;330.0;;120.0;390.0;;120.0;390.0;;120.0;390.0;;120.0;390.0;;120.0;390.0;;120.0;390.0;;120.0;390.0;;120.0;330.0;;120.0;330.0;;120.0;330.0;;120.0;330.0;;120.0;330.0;;120.0;330.0;;120.0;330.0;;270.0;240.0;;270.0;240.0;;270.0;240.0;;270.0;240.0;;270.0;240.0;;270.0;240.0;;270.0;240.0;;270.0;240.0;;270.0;240.0;;270.0;240.0;;270.0;240.0;;270.0;240.0;;300.0;120.0;E;300.0;90.0;L;300.0;60.0;I;0;
Bot Marcin;0.0;90.0;;0.0;90.0;;0.0;90.0;;0.0;90.0;;0.0;90.0;;0.0;90.0;;0.0;90.0;;0.0;90.0;;0.0;90.0;;0.0;90.0;;60.0;150.0;;60.0;150.0;;60.0;150.0;;60.0;150.0;;60.0;150.0;;60.0;150.0;;60.0;150.0;;60.0;150.0;;60.0;150.0;;60.0;150.0;;60.0;150.0;;60.0;150.0;;60.0;150.0;;60.0;150.0;;60.0;150.0;;90.0;90.0;;90.0;90.0;;90.0;90.0;;90.0;90.0;;90.0;90.0;;90.0;90.0;;90.0;90.0;;90.0;90.0;;90.0;90.0;;90.0;390.0;;90.0;390.0;;90.0;390.0;;90.0;390.0;;90.0;390.0;;120.0;330.0;;120.0;330.0;;120.0;330.0;;120.0;330.0;;120.0;330.0;;120.0;330.0;;120.0;390.0;;120.0;390.0;;120.0;330.0;;120.0;330.0;;120.0;330.0;;270.0;240.0;;270.0;240.0;;270.0;240.0;;270.0;240.0;;270.0;240.0;;270.0;240.0;;270.0;240.0;;270.0;240.0;;270.0;240.0;;270.0;240.0;;270.0;60.0;;270.0;60.0;;330.0;60.0;L;360.0;60.0;I;390.0;60.0;A;0;
Bot Andrzej;0.0;90.0;;0.0;90.0;;0.0;90.0;;0.0;90.0;;0.0;90.0;;0.0;90.0;;0.0;90.0;;0.0;90.0;;0.0;90.0;;0.0;90.0;;60.0;150.0;;60.0;150.0;;60.0;150.0;;60.0;150.0;;60.0;150.0;;60.0;150.0;;60.0;150.0;;60.0;150.0;;60.0;150.0;;60.0;150.0;;60.0;150.0;;60.0;150.0;;60.0;150.0;;60.0;150.0;;60.0;150.0;;90.0;90.0;;90.0;90.0;;90.0;90.0;;90.0;90.0;;90.0;90.0;;90.0;90.0;;90.0;90.0;;90.0;90.0;;90.0;90.0;;90.0;390.0;;90.0;390.0;;90.0;390.0;;90.0;390.0;;90.0;390.0;;120.0;330.0;;120.0;330.0;;120.0;330.0;;120.0;330.0;;120.0;330.0;;120.0;330.0;;120.0;390.0;;120.0;390.0;;120.0;330.0;;120.0;330.0;;120.0;330.0;;270.0;240.0;;270.0;240.0;;270.0;240.0;;270.0;240.0;;270.0;240.0;;270.0;240.0;;270.0;240.0;;270.0;240.0;;270.0;240.0;;270.0;240.0;;270.0;90.0;I;240.0;90.0;A;0;
Bot Marcin;0.0;90.0;;0.0;90.0;;0.0;90.0;;0.0;90.0;;0.0;90.0;;0.0;90.0;;0.0;90.0;;0.0;90.0;;0.0;90.0;;0.0;90.0;;60.0;150.0;;60.0;150.0;;60.0;150.0;;60.0;150.0;;60.0;150.0;;60.0;150.0;;60.0;150.0;;60.0;150.0;;60.0;150.0;;60.0;150.0;;60.0;150.0;;60.0;150.0;;60.0;150.0;;60.0;150.0;;60.0;150.0;;90.0;90.0;;90.0;90.0;;90.0;90.0;;90.0;90.0;;90.0;90.0;;90.0;90.0;;90.0;90.0;;90.0;90.0;;90.0;90.0;;90.0;390.0;;90.0;390.0;;90.0;390.0;;90.0;390.0;;90.0;390.0;;120.0;330.0;;120.0;330.0;;120.0;330.0;;120.0;330.0;;120.0;330.0;;120.0;330.0;;120.0;390.0;;120.0;390.0;;120.0;330.0;;120.0;330.0;;120.0;330.0;;240.0;120.0;;240.0;120.0;;240.0;120.0;;240.0;120.0;;240.0;120.0;;240.0;120.0;;240.0;60.0;I;240.0;30.0;L;240.0;0.0;I;0;
Bot Andrzej;0.0;90.0;;0.0;90.0;;0.0;90.0;;0.0;90.0;;0.0;90.0;;0.0;90.0;;0.0;90.0;;0.0;90.0;;0.0;90.0;;0.0;90.0;;60.0;150.0;;60.0;150.0;;60.0;150.0;;60.0;150.0;;60.0;150.0;;60.0;150.0;;60.0;150.0;;60.0;150.0;;60.0;150.0;;60.0;150.0;;60.0;150.0;;60.0;150.0;;60.0;150.0;;60.0;150.0;;60.0;150.0;;90.0;90.0;;90.0;90.0;;90.0;90.0;;90.0;90.0;;90.0;90.0;;90.0;90.0;;90.0;90.0;;90.0;90.0;;90.0;90.0;;90.0;390.0;;90.0;390.0;;90.0;390.0;;90.0;390.0;;90.0;390.0;;120.0;330.0;;120.0;330.0;;120.0;330.0;;120.0;330.0;;120.0;330.0;;120.0;330.0;;120.0;390.0;;120.0;390.0;;120.0;330.0;;120.0;330.0;;120.0;330.0;;210.0;0.0;;210.0;0.0;;270.0;0.0;L;300.0;0.0;I;330.0;0.0;A;9;
Bot Marcin;0.0;90.0;;0.0;90.0;;0.0;90.0;;0.0;90.0;;0.0;90.0;;0.0;90.0;;0.0;90.0;;0.0;90.0;;0.0;90.0;;0.0;90.0;;60.0;150.0;;60.0;150.0;;60.0;150.0;;60.0;150.0;;60.0;150.0;;60.0;150.0;;60.0;150.0;;60.0;150.0;;60.0;150.0;;60.0;150.0;;60.0;150.0;;60.0;150.0;;60.0;150.0;;60.0;150.0;;60.0;150.0;;90.0;90.0;;90.0;90.0;;90.0;90.0;;90.0;90.0;;90.0;90.0;;90.0;90.0;;90.0;90.0;;90.0;90.0;;90.0;90.0;;90.0;390.0;;90.0;390.0;;90.0;390.0;;90.0;390.0;;90.0;390.0;;120.0;330.0;;120.0;330.0;;120.0;330.0;;120.0;330.0;;120.0;330.0;;120.0;330.0;;120.0;390.0;;120.0;390.0;;120.0;330.0;;120.0;330.0;;120.0;330.0;;210.0;30.0;I;180.0;30.0;A;0;
Bot Andrzej;0.0;90.0;;0.0;90.0;;0.0;90.0;;0.0;90.0;;0.0;90.0;;0.0;90.0;;0.0;90.0;;0.0;90.0;;0.0;90.0;;0.0;90.0;;60.0;150.0;;60.0;150.0;;60.0;150.0;;60.0;150.0;;60.0;150.0;;60.0;150.0;;60.0;150.0;;60.0;150.0;;60.0;150.0;;60.0;150.0;;60.0;150.0;;60.0;150.0;;60.0;150.0;;60.0;150.0;;60.0;150.0;;90.0;90.0;;90.0;90.0;;90.0;90.0;;90.0;90.0;;90.0;90.0;;90.0;90.0;;90.0;90.0;;90.0;90.0;;90.0;90.0;;90.0;390.0;;90.0;390.0;;90.0;390.0;;90.0;390.0;;90.0;390.0;;120.0;330.0;;120.0;330.0;;120.0;330.0;;120.0;330.0;;120.0;330.0;;120.0;330.0;;120.0;390.0;;120.0;390.0;;120.0;330.0;;120.0;330.0;;120.0;330.0;;180.0;60.0;A;180.0;90.0;L;0;
Bot Marcin;0.0;90.0;;0.0;90.0;;0.0;90.0;;0.0;90.0;;0.0;90.0;;0.0;90.0;;0.0;90.0;;0.0;90.0;;0.0;90.0;;0.0;90.0;;60.0;150.0;;60.0;150.0;;60.0;150.0;;60.0;150.0;;60.0;150.0;;60.0;150.0;;60.0;150.0;;60.0;150.0;;60.0;150.0;;60.0;150.0;;60.0;150.0;;60.0;150.0;;60.0;150.0;;60.0;150.0;;60.0;150.0;;90.0;90.0;;90.0;90.0;;90.0;90.0;;90.0;90.0;;90.0;90.0;;90.0;90.0;;90.0;90.0;;90.0;90.0;;90.0;90.0;;90.0;390.0;;90.0;390.0;;90.0;390.0;;90.0;390.0;;90.0;390.0;;120.0;330.0;;120.0;330.0;;120.0;330.0;;120.0;330.0;;120.0;330.0;;120.0;330.0;;120.0;390.0;;120.0;390.0;;120.0;330.0;;120.0;330.0;;120.0;330.0;;150.0;60.0;;120.0;60.0;;150.0;90.0;;150.0;90.0;;150.0;90.0;;150.0;90.0;;150.0;90.0;;150.0;90.0;;210.0;90.0;;210.0;90.0;;150.0;90.0;;150.0;90.0;;150.0;90.0;;270.0;240.0;;270.0;240.0;;270.0;240.0;;270.0;240.0;;270.0;240.0;;270.0;240.0;;270.0;240.0;;270.0;240.0;;270.0;240.0;;270.0;240.0;;300.0;330.0;I;300.0;300.0;A;16;
Bot Andrzej;0.0;90.0;;0.0;90.0;;0.0;90.0;;0.0;90.0;;0.0;90.0;;0.0;90.0;;0.0;90.0;;0.0;90.0;;0.0;90.0;;0.0;90.0;;60.0;150.0;;60.0;150.0;;60.0;150.0;;60.0;150.0;;60.0;150.0;;60.0;150.0;;60.0;150.0;;60.0;150.0;;60.0;150.0;;60.0;150.0;;60.0;150.0;;60.0;150.0;;60.0;150.0;;60.0;150.0;;60.0;150.0;;90.0;90.0;;90.0;90.0;;90.0;90.0;;90.0;90.0;;90.0;90.0;;90.0;90.0;;90.0;90.0;;90.0;90.0;;90.0;90.0;;90.0;390.0;;90.0;390.0;;90.0;390.0;;90.0;390.0;;90.0;390.0;;120.0;330.0;;120.0;330.0;;120.0;330.0;;120.0;330.0;;120.0;330.0;;120.0;330.0;;120.0;390.0;;120.0;390.0;;120.0;330.0;;120.0;330.0;;120.0;330.0;;150.0;60.0;;120.0;60.0;;150.0;90.0;;150.0;90.0;;150.0;90.0;;150.0;90.0;;150.0;90.0;;150.0;90.0;;210.0;90.0;;210.0;90.0;;150.0;90.0;;150.0;90.0;;150.0;90.0;;270.0;240.0;;270.0;240.0;;270.0;240.0;;270.0;240.0;;270.0;240.0;;270.0;240.0;;270.0;240.0;;270.0;240.0;;270.0;240.0;;270.0;240.0;;330.0;300.0;A;360.0;300.0;L;0;
Bot Marcin;0.0;90.0;;0.0;90.0;;0.0;90.0;;0.0;90.0;;0.0;90.0;;0.0;90.0;;0.0;90.0;;0.0;90.0;;0.0;90.0;;0.0;90.0;;60.0;150.0;;60.0;150.0;;60.0;150.0;;60.0;150.0;;60.0;150.0;;60.0;150.0;;60.0;150.0;;60.0;150.0;;60.0;150.0;;60.0;150.0;;60.0;150.0;;60.0;150.0;;60.0;150.0;;60.0;150.0;;60.0;150.0;;90.0;90.0;;90.0;90.0;;90.0;90.0;;90.0;90.0;;90.0;90.0;;90.0;90.0;;90.0;90.0;;90.0;90.0;;90.0;90.0;;90.0;390.0;;90.0;390.0;;90.0;390.0;;90.0;390.0;;90.0;390.0;;120.0;330.0;;120.0;330.0;;120.0;330.0;;120.0;330.0;;120.0;330.0;;120.0;330.0;;120.0;390.0;;120.0;390.0;;120.0;330.0;;120.0;330.0;;120.0;330.0;;150.0;60.0;;120.0;60.0;;150.0;90.0;;150.0;90.0;;150.0;90.0;;150.0;90.0;;150.0;90.0;;150.0;90.0;;210.0;90.0;;210.0;90.0;;150.0;90.0;;150.0;90.0;;150.0;90.0;;270.0;240.0;;270.0;240.0;;270.0;240.0;;270.0;240.0;;270.0;240.0;;270.0;240.0;;270.0;240.0;;270.0;240.0;;270.0;240.0;;270.0;240.0;;330.0;30.0;;330.0;30.0;;330.0;30.0;;330.0;30.0;;330.0;30.0;;330.0;30.0;;330.0;30.0;;330.0;30.0;;330.0;30.0;;330.0;180.0;O;330.0;180.0;O;330.0;180.0;O;330.0;210.0;O;330.0;180.0;O;330.0;210.0;O;330.0;240.0;;330.0;180.0;O;330.0;180.0;O;330.0;210.0;O;0;
Bot Andrzej;0.0;90.0;;0.0;90.0;;0.0;90.0;;0.0;90.0;;0.0;90.0;;0.0;90.0;;0.0;90.0;;0.0;90.0;;0.0;90.0;;0.0;90.0;;60.0;150.0;;60.0;150.0;;60.0;150.0;;60.0;150.0;;60.0;150.0;;60.0;150.0;;60.0;150.0;;60.0;150.0;;60.0;150.0;;60.0;150.0;;60.0;150.0;;60.0;150.0;;60.0;150.0;;60.0;150.0;;60.0;150.0;;90.0;90.0;;90.0;90.0;;90.0;90.0;;90.0;90.0;;90.0;90.0;;90.0;90.0;;90.0;90.0;;90.0;90.0;;90.0;90.0;;90.0;390.0;;90.0;390.0;;90.0;390.0;;90.0;390.0;;90.0;390.0;;120.0;330.0;;120.0;330.0;;120.0;330.0;;120.0;330.0;;120.0;330.0;;120.0;330.0;;120.0;390.0;;120.0;390.0;;120.0;330.0;;120.0;330.0;;120.0;330.0;;150.0;60.0;;120.0;60.0;;150.0;90.0;;150.0;90.0;;150.0;90.0;;150.0;90.0;;150.0;90.0;;150.0;90.0;;210.0;90.0;;210.0;90.0;;150.0;90.0;;150.0;90.0;;150.0;90.0;;270.0;240.0;;270.0;240.0;;270.0;240.0;;270.0;240.0;;270.0;240.0;;270.0;240.0;;270.0;240.0;;270.0;240.0;;270.0;240.0;;270.0;240.0;;330.0;30.0;;330.0;30.0;;330.0;30.0;;330.0;30.0;;330.0;30.0;;330.0;30.0;;330.0;30.0;;330.0;30.0;;330.0;30.0;;360.0;180.0;L;390.0;180.0;I;360.0;180.0;L;360.0;180.0;L;390.0;180.0;I;420.0;180.0;O;0;
Bot Marcin;0.0;90.0;;0.0;90.0;;0.0;90.0;;0.0;90.0;;0.0;90.0;;0.0;90.0;;0.0;90.0;;0.0;90.0;;0.0;90.0;;0.0;90.0;;60.0;150.0;;60.0;150.0;;60.0;150.0;;60.0;150.0;;60.0;150.0;;60.0;150.0;;60.0;150.0;;60.0;150.0;;60.0;150.0;;60.0;150.0;;60.0;150.0;;60.0;150.0;;60.0;150.0;;60.0;150.0;;60.0;150.0;;90.0;90.0;;90.0;90.0;;90.0;90.0;;90.0;90.0;;90.0;90.0;;90.0;90.0;;90.0;90.0;;90.0;90.0;;90.0;90.0;;90.0;390.0;;90.0;390.0;;90.0;390.0;;90.0;390.0;;90.0;390.0;;120.0;330.0;;120.0;330.0;;120.0;330.0;;120.0;330.0;;120.0;330.0;;120.0;330.0;;120.0;390.0;;120.0;390.0;;120.0;330.0;;120.0;330.0;;120.0;330.0;;150.0;60.0;;120.0;60.0;;150.0;90.0;;150.0;90.0;;150.0;90.0;;150.0;90.0;;150.0;90.0;;150.0;90.0;;210.0;90.0;;210.0;90.0;;150.0;90.0;;150.0;90.0;;150.0;90.0;;270.0;240.0;;270.0;240.0;;270.0;240.0;;270.0;240.0;;270.0;240.0;;270.0;240.0;;270.0;240.0;;270.0;240.0;;270.0;240.0;;270.0;240.0;;330.0;30.0;;330.0;30.0;;330.0;30.0;;330.0;30.0;;330.0;30.0;;330.0;30.0;;330.0;30.0;;330.0;30.0;;330.0;30.0;;300.0;210.0;;300.0;210.0;;330.0;270.0;;330.0;240.0;;330.0;390.0;;330.0;390.0;;330.0;390.0;;330.0;390.0;;330.0;390.0;;360.0;390.0;;390.0;390.0;;360.0;30.0;;360.0;30.0;;360.0;90.0;;360.0;120.0;;360.0;30.0;;360.0;30.0;;360.0;270.0;I;360.0;240.0;A;0;
Bot Andrzej;0.0;90.0;;0.0;90.0;;0.0;90.0;;0.0;90.0;;0.0;90.0;;0.0;90.0;;0.0;90.0;;0.0;90.0;;0.0;90.0;;0.0;90.0;;60.0;150.0;;60.0;150.0;;60.0;150.0;;60.0;150.0;;60.0;150.0;;60.0;150.0;;60.0;150.0;;60.0;150.0;;60.0;150.0;;60.0;150.0;;60.0;150.0;;60.0;150.0;;60.0;150.0;;60.0;150.0;;60.0;150.0;;90.0;90.0;;90.0;90.0;;90.0;90.0;;90.0;90.0;;90.0;90.0;;90.0;90.0;;90.0;90.0;;90.0;90.0;;90.0;90.0;;90.0;390.0;;90.0;390.0;;90.0;390.0;;90.0;390.0;;90.0;390.0;;120.0;330.0;;120.0;330.0;;120.0;330.0;;120.0;330.0;;120.0;330.0;;120.0;330.0;;120.0;390.0;;120.0;390.0;;120.0;330.0;;120.0;330.0;;120.0;330.0;;150.0;60.0;;120.0;60.0;;150.0;90.0;;150.0;90.0;;150.0;90.0;;150.0;90.0;;150.0;90.0;;150.0;90.0;;210.0;90.0;;210.0;90.0;;150.0;90.0;;150.0;90.0;;150.0;90.0;;270.0;240.0;;270.0;240.0;;270.0;240.0;;270.0;240.0;;270.0;240.0;;270.0;240.0;;270.0;240.0;;270.0;240.0;;270.0;240.0;;270.0;240.0;;330.0;30.0;;330.0;30.0;;330.0;30.0;;330.0;30.0;;330.0;30.0;;330.0;30.0;;330.0;30.0;;330.0;30.0;;330.0;30.0;;300.0;210.0;;300.0;210.0;;330.0;390.0;;330.0;390.0;;330.0;390.0;;330.0;390.0;;330.0;390.0;;360.0;390.0;;390.0;390.0;;360.0;30.0;;360.0;30.0;;360.0;90.0;;360.0;120.0;;360.0;30.0;;360.0;30.0;;390.0;240.0;A;420.0;240.0;L;1;
