lolek;210.0;210.0;A;240.0;210.0;A;2;
lolek2;270.0;210.0;T;3;
Bot Marcin;210.0;240.0;I;210.0;270.0;R;3;
lolek;270.0;240.0;T;2;
lolek2;270.0;270.0;S;5;
lolek;210.0;300.0;E;210.0;330.0;E;210.0;360.0;U;7;
lolek2;210.0;390.0;O;210.0;420.0;M;33;
Bot Marcin;180.0;240.0;;180.0;240.0;;180.0;240.0;;180.0;240.0;;180.0;240.0;;180.0;240.0;;180.0;240.0;;180.0;240.0;;180.0;240.0;;180.0;240.0;;180.0;240.0;;180.0;240.0;;180.0;240.0;;180.0;300.0;;180.0;300.0;;240.0;300.0;;180.0;300.0;;180.0;300.0;;180.0;300.0;;180.0;300.0;;180.0;300.0;;180.0;300.0;;180.0;330.0;;180.0;330.0;;240.0;330.0;F;270.0;330.0;S;0;
lolek;300.0;330.0;N;330.0;330.0;E;18;
lolek2;360.0;330.0;G;22;
Bot Marcin;180.0;240.0;;180.0;240.0;;180.0;240.0;;180.0;270.0;E;150.0;270.0;E;120.0;270.0;B;8;
lolek;390.0;330.0;U;24;
lolek2;390.0;300.0;G;3;
Bot Marcin;120.0;300.0;E;120.0;330.0;Z;28;
lolek;390.0;270.0;R;4;
lolek2;390.0;240.0;K;390.0;210.0;A;10;
Bot Marcin;90.0;300.0;S;60.0;300.0;O;30.0;300.0;C;12;
lolek2;390.0;180.0;G;12;
Bot Marcin;30.0;330.0;A;30.0;360.0;L;30.0;390.0;I;30.0;420.0;X;28;
lolek2;390.0;150.0;H;16;
Bot Marcin;0.0;330.0;;0.0;330.0;;0.0;330.0;;0.0;330.0;;0.0;330.0;;0.0;330.0;;0.0;330.0;;0.0;330.0;;0.0;330.0;;0.0;330.0;;0.0;330.0;;0.0;330.0;;0.0;330.0;;0.0;330.0;;0.0;330.0;;0.0;330.0;;0.0;330.0;;0.0;330.0;;0.0;330.0;;0.0;330.0;;0.0;330.0;;0.0;330.0;;0.0;330.0;;0.0;330.0;;0.0;330.0;;0.0;330.0;;0.0;330.0;;0.0;330.0;;0.0;330.0;;0.0;330.0;;0.0;330.0;;0.0;330.0;;0.0;330.0;;0.0;330.0;;0.0;330.0;;0.0;330.0;;0.0;330.0;;0.0;330.0;;0.0;330.0;;0.0;330.0;;0.0;360.0;;0.0;360.0;;0.0;360.0;;0.0;360.0;;0.0;360.0;;0.0;360.0;;0.0;360.0;;0.0;360.0;;0.0;360.0;;0.0;360.0;;0.0;360.0;;0.0;360.0;;0.0;360.0;;0.0;360.0;;0.0;360.0;;0.0;360.0;;0.0;360.0;;60.0;360.0;E;90.0;360.0;W;0;
lolek2;390.0;120.0;O;17;
Bot Marcin;0.0;330.0;;0.0;330.0;;0.0;330.0;;0.0;330.0;;0.0;330.0;;0.0;330.0;;0.0;330.0;;0.0;330.0;;0.0;330.0;;0.0;330.0;;0.0;330.0;;0.0;330.0;;0.0;330.0;;0.0;330.0;;0.0;330.0;;0.0;330.0;;0.0;330.0;;0.0;330.0;;0.0;330.0;;0.0;330.0;;0.0;330.0;;0.0;330.0;;0.0;330.0;;0.0;330.0;;0.0;330.0;;0.0;330.0;;0.0;330.0;;0.0;330.0;;0.0;330.0;;0.0;330.0;;0.0;330.0;;0.0;330.0;;0.0;330.0;;0.0;330.0;;0.0;330.0;;0.0;330.0;;0.0;330.0;;0.0;330.0;;0.0;330.0;;0.0;330.0;;0.0;330.0;;0.0;330.0;;0.0;330.0;;0.0;330.0;;0.0;330.0;;0.0;330.0;;0.0;330.0;;0.0;330.0;;0.0;330.0;;0.0;330.0;;0.0;330.0;;0.0;330.0;;0.0;330.0;;0.0;330.0;;0.0;330.0;;0.0;330.0;;0.0;330.0;;0.0;330.0;;0.0;330.0;;0.0;330.0;;0.0;330.0;;0.0;330.0;;0.0;330.0;;0.0;330.0;;0.0;330.0;;0.0;330.0;;0.0;330.0;;0.0;330.0;;0.0;330.0;;0.0;330.0;;0.0;330.0;;0.0;330.0;;0.0;330.0;;0.0;330.0;;0.0;330.0;;0.0;330.0;;0.0;330.0;;0.0;330.0;;0.0;330.0;;0.0;390.0;;0.0;390.0;;0.0;390.0;;0.0;390.0;;0.0;390.0;;0.0;390.0;;0.0;390.0;;0.0;390.0;;0.0;390.0;;0.0;390.0;;0.0;390.0;;0.0;390.0;;0.0;390.0;;0.0;390.0;;0.0;390.0;;0.0;390.0;;0.0;390.0;;0.0;390.0;;0.0;390.0;;0.0;390.0;;0.0;390.0;;0.0;390.0;;0.0;390.0;;0.0;390.0;;0.0;390.0;;0.0;390.0;;0.0;390.0;;0.0;390.0;;0.0;390.0;;0.0;390.0;;0.0;390.0;;0.0;390.0;;0.0;390.0;;0.0;390.0;;0.0;390.0;;0.0;390.0;;0.0;390.0;;0.0;390.0;;0.0;390.0;;0.0;390.0;;0.0;390.0;;0.0;390.0;;0.0;390.0;;0.0;390.0;;0.0;390.0;;0.0;420.0;;0.0;420.0;;0.0;420.0;;0.0;420.0;;0.0;420.0;;0.0;420.0;;0.0;420.0;;0.0;420.0;;60.0;270.0;;60.0;270.0;;60.0;270.0;;60.0;270.0;;60.0;270.0;;60.0;270.0;;60.0;270.0;;60.0;270.0;;60.0;270.0;;60.0;270.0;;60.0;270.0;;60.0;270.0;;60.0;270.0;;60.0;270.0;;60.0;270.0;;60.0;270.0;;60.0;270.0;;60.0;270.0;;60.0;270.0;;60.0;270.0;;60.0;240.0;;60.0;270.0;;60.0;240.0;;60.0;270.0;;60.0;270.0;;60.0;270.0;;60.0;270.0;;60.0;270.0;;60.0;270.0;;60.0;270.0;;60.0;270.0;;60.0;270.0;;60.0;270.0;;60.0;270.0;;60.0;270.0;;60.0;270.0;;60.0;270.0;;60.0;270.0;;60.0;270.0;;60.0;270.0;;60.0;270.0;;60.0;270.0;;60.0;240.0;;60.0;270.0;;60.0;270.0;;60.0;270.0;;60.0;270.0;;60.0;270.0;;60.0;270.0;;60.0;270.0;;90.0;390.0;O;90.0;420.0;S;90.0;390.0;O;90.0;390.0;O;90.0;390.0;O;90.0;390.0;O;90.0;390.0;O;90.0;390.0;O;90.0;390.0;O;90.0;390.0;O;90.0;390.0;O;90.0;420.0;S;90.0;390.0;O;90.0;390.0;O;90.0;390.0;O;90.0;390.0;O;90.0;420.0;S;90.0;390.0;O;90.0;390.0;O;90.0;420.0;S;90.0;390.0;O;90.0;420.0;S;90.0;390.0;O;90.0;420.0;S;0;
lolek2;390.0;360.0;U;390.0;390.0;E;38;
Bot Marcin;0.0;330.0;;0.0;330.0;;0.0;330.0;;0.0;330.0;;0.0;330.0;;0.0;330.0;;0.0;330.0;;0.0;330.0;;0.0;330.0;;0.0;330.0;;0.0;330.0;;0.0;330.0;;0.0;330.0;;0.0;330.0;;0.0;330.0;;0.0;330.0;;0.0;330.0;;0.0;330.0;;0.0;330.0;;0.0;330.0;;0.0;330.0;;0.0;330.0;;0.0;330.0;;0.0;330.0;;0.0;330.0;;0.0;330.0;;0.0;330.0;;0.0;330.0;;0.0;330.0;;0.0;330.0;;0.0;330.0;;0.0;330.0;;0.0;330.0;;0.0;330.0;;0.0;330.0;;0.0;330.0;;0.0;330.0;;0.0;330.0;;0.0;330.0;;0.0;330.0;;0.0;330.0;;0.0;330.0;;0.0;330.0;;0.0;330.0;;0.0;330.0;;0.0;330.0;;0.0;330.0;;0.0;330.0;;0.0;330.0;;0.0;330.0;;0.0;330.0;;0.0;330.0;;0.0;330.0;;0.0;330.0;;0.0;330.0;;0.0;330.0;;0.0;330.0;;0.0;330.0;;0.0;390.0;;0.0;390.0;;0.0;390.0;;0.0;390.0;;0.0;390.0;;0.0;390.0;;0.0;390.0;;0.0;390.0;;0.0;390.0;;0.0;390.0;;0.0;390.0;;0.0;390.0;;0.0;390.0;;0.0;390.0;;0.0;390.0;;0.0;390.0;;0.0;390.0;;0.0;420.0;;0.0;420.0;;0.0;420.0;;0.0;420.0;;0.0;420.0;;0.0;420.0;;0.0;420.0;;60.0;270.0;R;60.0;240.0;N;60.0;270.0;R;60.0;270.0;R;60.0;270.0;R;60.0;270.0;R;60.0;270.0;R;60.0;270.0;R;60.0;270.0;R;60.0;270.0;R;60.0;270.0;R;60.0;270.0;R;60.0;270.0;R;60.0;270.0;R;60.0;270.0;R;60.0;270.0;R;60.0;240.0;N;60.0;270.0;R;60.0;240.0;N;60.0;270.0;R;60.0;240.0;N;60.0;270.0;R;60.0;240.0;N;60.0;210.0;I;0;
lolek2;390.0;420.0;E;40;
Bot Marcin;0.0;330.0;;0.0;330.0;;0.0;330.0;;0.0;330.0;;0.0;330.0;;0.0;330.0;;0.0;330.0;;0.0;330.0;;0.0;330.0;;0.0;330.0;;0.0;330.0;;0.0;330.0;;0.0;330.0;;0.0;330.0;;0.0;330.0;;0.0;330.0;;0.0;330.0;;0.0;330.0;;0.0;330.0;;0.0;330.0;;0.0;330.0;;0.0;330.0;;0.0;330.0;;0.0;330.0;;0.0;330.0;;0.0;330.0;;0.0;330.0;;0.0;330.0;;0.0;330.0;;0.0;330.0;;0.0;330.0;;0.0;330.0;;0.0;330.0;;0.0;330.0;;0.0;330.0;;0.0;390.0;;0.0;390.0;;0.0;390.0;;0.0;390.0;;0.0;390.0;;0.0;390.0;;0.0;390.0;;0.0;390.0;;0.0;390.0;;0.0;390.0;;0.0;390.0;;0.0;390.0;;0.0;390.0;;0.0;390.0;;0.0;390.0;;0.0;390.0;;0.0;390.0;;0.0;420.0;;30.0;210.0;;30.0;210.0;;30.0;210.0;;0.0;210.0;;30.0;210.0;;30.0;210.0;;30.0;210.0;;90.0;210.0;C;120.0;210.0;Y;0;
lolek2;360.0;420.0;T;330.0;420.0;I;300.0;420.0;I;5;
Bot Marcin;0.0;330.0;;0.0;330.0;;0.0;330.0;;0.0;330.0;;0.0;330.0;;0.0;330.0;;0.0;330.0;;0.0;330.0;;0.0;330.0;;0.0;330.0;;0.0;330.0;;0.0;330.0;;0.0;330.0;;0.0;330.0;;0.0;330.0;;0.0;330.0;;0.0;330.0;;0.0;330.0;;0.0;330.0;;0.0;330.0;;0.0;330.0;;0.0;330.0;;0.0;330.0;;0.0;330.0;;0.0;330.0;;0.0;330.0;;0.0;330.0;;0.0;330.0;;0.0;330.0;;0.0;330.0;;0.0;330.0;;0.0;330.0;;0.0;330.0;;0.0;330.0;;0.0;330.0;;0.0;330.0;;0.0;330.0;;0.0;330.0;;0.0;330.0;;0.0;330.0;;0.0;330.0;;0.0;330.0;;0.0;330.0;;0.0;330.0;;0.0;330.0;;0.0;330.0;;0.0;390.0;;0.0;390.0;;0.0;390.0;;0.0;390.0;;0.0;390.0;;0.0;390.0;;0.0;390.0;;0.0;390.0;;0.0;390.0;;0.0;390.0;;0.0;390.0;;0.0;390.0;;0.0;390.0;;0.0;390.0;;0.0;390.0;;0.0;390.0;;0.0;390.0;;0.0;390.0;;0.0;390.0;;0.0;390.0;;0.0;390.0;;0.0;390.0;;0.0;390.0;;0.0;390.0;;0.0;390.0;;0.0;390.0;;0.0;390.0;;0.0;390.0;;0.0;390.0;;0.0;390.0;;0.0;390.0;;0.0;390.0;;0.0;390.0;;0.0;390.0;;0.0;390.0;;0.0;390.0;;0.0;390.0;;0.0;390.0;;0.0;390.0;;0.0;390.0;;0.0;390.0;;0.0;390.0;;0.0;420.0;;0.0;420.0;;0.0;420.0;;0.0;420.0;;30.0;240.0;E;0.0;240.0;D;5;
lolek2;390.0;90.0;T;390.0;60.0;P;48;
Bot Marcin;0.0;330.0;;0.0;330.0;;0.0;330.0;;0.0;330.0;;0.0;330.0;;0.0;330.0;;0.0;330.0;;0.0;330.0;;0.0;330.0;;0.0;330.0;;0.0;330.0;;0.0;330.0;;0.0;330.0;;0.0;330.0;;0.0;330.0;;0.0;330.0;;0.0;330.0;;0.0;330.0;;0.0;330.0;;0.0;390.0;;0.0;390.0;;0.0;390.0;;0.0;390.0;;0.0;390.0;;0.0;390.0;;0.0;390.0;;0.0;390.0;;0.0;390.0;;0.0;390.0;;0.0;390.0;;0.0;390.0;;0.0;390.0;;0.0;390.0;;0.0;390.0;;0.0;390.0;;120.0;390.0;L;120.0;390.0;L;150.0;390.0;;120.0;390.0;L;150.0;390.0;;120.0;390.0;L;120.0;390.0;L;120.0;390.0;L;120.0;390.0;L;150.0;390.0;;120.0;390.0;L;120.0;390.0;L;120.0;390.0;L;120.0;390.0;L;150.0;390.0;;120.0;390.0;L;120.0;390.0;L;120.0;390.0;L;120.0;390.0;L;120.0;390.0;L;120.0;390.0;L;120.0;390.0;L;150.0;390.0;;120.0;390.0;L;120.0;180.0;L;120.0;150.0;P;0;
